max heur rss 65.616
max fpt rss 388.104
max heur vm 2693.98
max fpt vm 3083.288
min heur rss 51.488
min fpt rss 69.856
min heur vm 2693.468
min fpt vm 2760.86
avg heur rss 60.0348679245283
avg fpt rss 110.22218867924529
avg heur vm 2693.743320754717
avg fpt vm 2795.2396226415094
heur maxrss
[59400, 57508, 61948, 65616, 58016, 60072, 57544, 57860, 59732, 65340, 64032, 61844, 63476, 63296, 63824, 59820, 59836, 59228, 59256, 61680, 63964, 51488, 59492, 61192, 59820, 57584, 59720, 64068, 57688, 61992, 53152, 59752, 62068, 65348, 59192, 55664, 57232, 59692, 57712, 59620, 59620, 61888, 63872, 59692, 57672, 55752, 61460, 59808, 61892, 57204, 59268, 55964, 61988]
fpt maxrss
[388104, 77576, 72000, 84260, 79144, 130576, 87328, 82088, 95244, 91100, 86396, 149116, 99468, 100000, 80464, 89936, 90672, 199784, 82192, 83896, 69856, 74348, 114080, 108436, 102384, 83792, 74364, 109580, 77684, 84544, 331960, 86888, 88120, 132716, 100768, 147816, 86292, 100640, 113080, 77776, 87536, 75360, 308188, 82564, 72548, 86120, 250888, 72752, 72752, 72752, 84668, 87052, 74128]
heur maxvm
[2693724, 2693468, 2693980, 2693468, 2693980, 2693980, 2693724, 2693980, 2693724, 2693468, 2693980, 2693980, 2693468, 2693468, 2693724, 2693980, 2693980, 2693468, 2693468, 2693724, 2693980, 2693724, 2693724, 2693468, 2693980, 2693724, 2693724, 2693980, 2693724, 2693980, 2693468, 2693980, 2693980, 2693468, 2693468, 2693724, 2693468, 2693724, 2693724, 2693724, 2693724, 2693980, 2693724, 2693724, 2693724, 2693724, 2693468, 2693980, 2693980, 2693468, 2693468, 2693980, 2693980]
fpt maxvm
[3083288, 2767644, 2763384, 2766872, 2767332, 2813044, 2765112, 2765628, 2778012, 2771828, 2771128, 2831896, 2788348, 2789292, 2769876, 2774260, 2767544, 2879144, 2766620, 2763700, 2765640, 2763280, 2801144, 2798980, 2783416, 2771400, 2760860, 2786452, 2764756, 2763936, 3006624, 2769276, 2768316, 2819688, 2784184, 2833024, 2767592, 2781616, 2797980, 2766112, 2765956, 2767460, 2987612, 2769856, 2764436, 2774532, 2930316, 2765748, 2765748, 2765748, 2764500, 2764624, 2762936]
